NAME	= ndsmbonn
DESCRIPTION	= 
UNIT	= 
DATAFORMAT	= FLOAT
DATAFILE_OFFSET	= 0
BYTEORDER_BIG	= FALSE
TOPTOBOTTOM	= FALSE
POSITION_XMIN	= 364000.5000000000
POSITION_YMIN	= 5622000.5000000000
CELLCOUNT_X	= 1000
CELLCOUNT_Y	= 1000
CELLSIZE	= 1.0000000000
Z_FACTOR	= 1.000000
Z_OFFSET	= 0.000000
NODATA_VALUE	= -339999999999999996123846586046231871488.000000
